> x=lapply(1:29, function(i) 1952+which(adj[,i] != -9)); names(x)=jn
> x
$harlan
 [1] 1954 1955 1956 1957 1958 1959 1960 1961 1962 1963 1964 1965 1966 1967 1968 1969 1970

$black
 [1] 1953 1954 1955 1956 1957 1958 1959 1960 1961 1962 1963 1964 1965 1966 1967 1968 1969
[18] 1970

$douglas
 [1] 1953 1954 1955 1956 1957 1958 1959 1960 1961 1962 1963 1964 1965 1966 1967 1968 1969
[18] 1970 1971 1972 1973 1974

$stewart
 [1] 1958 1959 1960 1961 1962 1963 1964 1965 1966 1967 1968 1969 1970 1971 1972 1973 1974
[18] 1975 1976 1977 1978 1979 1980

$marshall
 [1] 1967 1968 1969 1970 1971 1972 1973 1974 1975 1976 1977 1978 1979 1980 1981 1982 1983
[18] 1984 1985 1986 1987 1988 1989 1990

$brennan
 [1] 1956 1957 1958 1959 1960 1961 1962 1963 1964 1965 1966 1967 1968 1969 1970 1971 1972
[18] 1973 1974 1975 1976 1977 1978 1979 1980 1981 1982 1983 1984 1985 1986 1987 1988 1989

$white
 [1] 1961 1962 1963 1964 1965 1966 1967 1968 1969 1970 1971 1972 1973 1974 1975 1976 1977
[18] 1978 1979 1980 1981 1982 1983 1984 1985 1986 1987 1988 1989 1990 1991 1992

$warren
 [1] 1953 1954 1955 1956 1957 1958 1959 1960 1961 1962 1963 1964 1965 1966 1967 1968

$clark
 [1] 1953 1954 1955 1956 1957 1958 1959 1960 1961 1962 1963 1964 1965 1966

$frankfurter
[1] 1953 1954 1955 1956 1957 1958 1959 1960 1961

$whittaker
[1] 1956 1957 1958 1959 1960 1961

$burton
[1] 1953 1954 1955 1956 1957

$reed
[1] 1953 1954 1955 1956

$fortas
[1] 1965 1966 1967 1968

$goldberg
[1] 1962 1963 1964

$minton
[1] 1953 1954 1955

$jackson
[1] 1953

$burger
 [1] 1969 1970 1971 1972 1973 1974 1975 1976 1977 1978 1979 1980 1981 1982 1983 1984 1985

$blackmun
 [1] 1970 1971 1972 1973 1974 1975 1976 1977 1978 1979 1980 1981 1982 1983 1984 1985 1986
[18] 1987 1988 1989 1990 1991 1992 1993

$powell
 [1] 1971 1972 1973 1974 1975 1976 1977 1978 1979 1980 1981 1982 1983 1984 1985 1986

$rehnquist
 [1] 1971 1972 1973 1974 1975 1976 1977 1978 1979 1980 1981 1982 1983 1984 1985 1986 1987
[18] 1988 1989 1990 1991 1992 1993 1994 1995 1996 1997 1998 1999

$stevens
 [1] 1975 1976 1977 1978 1979 1980 1981 1982 1983 1984 1985 1986 1987 1988 1989 1990 1991
[18] 1992 1993 1994 1995 1996 1997 1998 1999

$oconnor
 [1] 1981 1982 1983 1984 1985 1986 1987 1988 1989 1990 1991 1992 1993 1994 1995 1996 1997
[18] 1998 1999

$scalia
 [1] 1986 1987 1988 1989 1990 1991 1992 1993 1994 1995 1996 1997 1998 1999

$kennedy
 [1] 1987 1988 1989 1990 1991 1992 1993 1994 1995 1996 1997 1998 1999

$souter
 [1] 1990 1991 1992 1993 1994 1995 1996 1997 1998 1999

$thomas
[1] 1991 1992 1993 1994 1995 1996 1997 1998 1999

$ginsburg
[1] 1993 1994 1995 1996 1997 1998 1999

$breyer
[1] 1994 1995 1996 1997 1998 1999

