-5.308371602276012145e-03 2.135874965951129259e-02 3.916590017984229732e-03 -3.177092377714526607e-03 -1.450648488537871256e-04 -3.852718661822328999e-02 2.537296137796842682e-02 -1.820840885512937067e-03 -6.243703838930881982e-03 4.940281598123155531e-03
-4.020830653231041024e-02 -5.706691695573056899e-04 -8.149295707475894684e-03 -2.008075040239990644e-02 -4.674775805986713245e-02 3.516113896092696450e-02 -1.718900399363458087e-03 1.977753038792269893e-02 -7.897352034691827380e-03 -3.455393080998681726e-02
-4.050335588707520279e-02 -2.095115352753301394e-02 -1.517089078800668706e-02 -9.247101306039369820e-04 4.873645565606404134e-02 -2.830396524698056485e-02 5.763679135357188676e-02 6.438017235133692770e-03 2.007033522634189826e-02 -6.431101372049986137e-03
5.967594258902358950e-02 -1.822350707728699246e-04 4.977418026817992868e-04 -7.067592248724735614e-04 9.603519692937136087e-02 -1.319223168685625461e-02 4.232912292616435035e-02 -3.388971195937880848e-02 -5.235608652845064048e-02 -2.132180342274226162e-02
1.785308882714507425e-02 3.645996003904161675e-02 1.820684249629029444e-02 -2.789799425492137108e-02 -3.154042663266378582e-02 6.003032067598219716e-03 1.972855875427243985e-02 -1.066663044956102716e-02 -2.425181380159459679e-02 3.562433021407974965e-02
7.596652225161619996e-03 -2.180098746563233908e-02 -1.837930783986885816e-03 1.467028164753009754e-02 4.953746406751974307e-02 -1.459558586610548454e-03 -6.614379607911412273e-03 -1.774651142921918631e-04 -3.175526795767452714e-04 7.521964540656517293e-05
1.971294798120783870e-02 2.831964056594670105e-03 6.089987057152124877e-03 2.423968394745135146e-02 -2.333986066411040949e-02 1.942486893283443261e-02 1.478814642731410105e-02 3.998553081959155264e-02 -1.164712928531471021e-02 -1.862914946480050062e-04
2.574403596326548319e-02 -3.005007574657922887e-03 1.233076055441424722e-03 2.010042163175802810e-02 -1.454991987310149532e-02 1.960463355490655105e-02 -1.061959350282381349e-03 -1.026762264913738372e-03 -1.724733120199685096e-02 -1.190060815027420282e-03
-5.338024528358935317e-02 -6.279754439926293896e-02 1.976265321560056673e-02 1.735693496678359510e-02 -2.203794446767591911e-02 1.994312588693623878e-02 -2.770602894019992199e-02 -9.306656146375420421e-03 -9.632124218201613616e-03 -1.229119789881097900e-02
9.242224112697014970e-04 -3.987856631225627363e-02 -1.863927677667638269e-02 4.006820347126348325e-02 -2.872996526855071259e-02 -6.634754286877759914e-04 -5.926686652815866055e-03 -9.405327232741830584e-04 -1.031023133860941644e-04 1.422914778840423311e-03
